I
1100 Generated by WorldEditor 1.7.0r3

1   5200 0 0 MT69 Keiley Ranch Strip
1302 flatten 1
100 18.29 5 0 0.25 0 0 0 17  46.78396601 -112.66459255    0    0 1 0 0 0 35  46.77590731 -112.66603747    0    0 1 0 0 0
100 18.29 5 0 0.25 0 0 0 05  46.77895063 -112.66870713    0    0 1 0 0 0 23  46.78092269 -112.66192289    0    0 1 0 0 0
130 Airport Boundary 1
111  46.78421016 -112.67033661
111  46.77519617 -112.67033661
111  46.77520905 -112.65913090
113  46.78422304 -112.65918731
1300  46.78125116 -112.66587255 269.58 tie_down helos Portable Helipad
1301 E none 
1300  46.78104112 -112.66577592 265.43 hangar jets Ramp GA
1301 E none 
19  46.78013937 -112.66560890 1 WS
99
